1007
1004
1000
998
1013
997
1002
995
993
1003
985
989
1011
988
1007
1001
987
1008
1008
1011
1018
976
1007
1015
997
1005
999
1002
996
998
1000
1005
1010
1003
1013
1011
993
1014
993
1018
1004
987
1009
1002
1002
1007
1001
1005
1001
998
1012
1004
1009
996
999
990
995
1018
990
1013
999
1005
1018
1034
992
1018
999
1000
1001
1014
1016
988
1009
1016
1011
995
1007
1007
1007
990
1004
997
986
1016
1005
1001
994
990
997
1001
1002
1003
1003
988
1001
1007
998
1015
989
995
1014
999
1011
1014
1016
1013
994
1000
991
994
999
995
992
1006
994
1005
999
1001
986
998
997
1004
1009
1008
1001
989
1001
1001
1009
996
989
1017
1002
986
990
991
999
1000
990
1005
1013
998
1021
1011
1004
1015
991
999
994
993
1000
997
1002
992
999
999
999
991
980
1007
994
1003
991
997
988
1020
1005
994
1016
999
991
989
998
1001
999
1011
1014
998
989
997
1009
1014
1009
1001
997
1001
1015
998
994
1005
1000
1017
999
999
1001
1016
1006
989
1008
989
999
986
1011
1005
1003
1018
986
998
996
992
998
1001
995
1006
1010
997
1002
1011
1011
1007
1008
998
991
997
1004
1013
1000
1002
996
997
990
1018
1005
1015
1002
1002
1009
993
1003
1002
1016
1019
995
1007
994
993
991
999
1010
1006
1008
1004
997
1006
1000
1004
988
989
988
990
998
997
1001
1006
1010
1013
1001
1007
1001
1006
1017
993
1011
1014
990
994
1014
995
989
990
1007
1013
1003
1004
1011
1003
1010
1007
1012
996
992
996
996
1001
1017
1003
1010
1016
1013
993
993
1004
984
1004
995
992
1006
1001
1003
995
1001
1005
1003
998
1014
995
991
1014
993
1005
1003
1012
1016
1012
992
1005
1012
1008
1007
1008
998
990
1003
991
1001
988
1000
1002
993
1019
989
1003
991
1001
1019
1003
1006
1011
997
1004
1005
1001
1006
1011
1008
1004
1007
1003
994
996
1009
1016
992
1002
1001
1006
1013
1002
1002
994
1019
1007
999
1014
1003
989
991
994
999
993
986
1010
991
1000
1013
1007
993
1007
995
998
1005
1004
1021
1003
1002
1005
1000
1001
996
1005
1020
989
994
1005
998
1002
990
1001
1011
1000
999
997
1015
995
990
999
996
1001
993
1001
997
1006
1011
1000
1003
1001
1007
1003
998
995
998
1011
1008
995
1000
994
1005
1007
1000
996
999
1011
1000
1008
1003
1007
1003
989
1002
1002
1014
1002
1001
983
1006
1003
1001
970
989
994
996
997
999
991
1003
996
993
1001
995
1004
1004
982
996
1002
1001
995
997
999
1002
998
1004
1013
1014
996
998
998
988
1007
1002
989
1015
1006
1009
996
1010
988
1010
1015
998
1003
995
1014
1014
999
1000
989
984
1010
1012
999
989
989
993
1001
987
1012
1015
994
1001
1000
1000
995
988
992
1005
993
1001
1002
1006
997
1001
985
981
1014
997
1001
994
1000
1017
1011
1015
989
999
1006
1011
1005
1005
1009
1011
1003
1017
998
988
985
995
997
1015
999
993
997
1001
998
1008
999
1000
1011
998
1002
994
1007
996
998
1007
999
993
999
998
1005
1002
998
1000
1000
999
1001
1011
1014
1009
1010
1001
998
1002
1011
1013
1011
1007
1005
1006
1001
1003
1005
996
998
1003
1006
998
1004
1012
999
1003
1010
993
999
999
1015
1010
990
992
1000
1012
990
995
999
1013
1013
1027
1013
1001
1003
992
997
1009
1018
997
994
1009
1001
1018
1000
1008
994
988
1002
988
998
1008
990
999
993
1020
1002
1004
1002
992
998
996
990
991
1002
1001
997
1005
1004
1013
1013
1010
995
1006
1000
998
1002
1006
992
1007
1009
994
1002
993
992
997
1012
1008
1013
1007
1001
1011
993
1002
1006
1019
994
1017
1001
996
1006
995
1010
993
1016
1009
1000
1001
994
994
1005
1020
996
1019
994
1001
1012
1020
1001
1007
1010
1010
1011
998
1002
1004
997
1000
996
998
997
1000
1004
999
1000
1016
1010
1001
1000
984
992
1017
1005
993
1008
1000
1012
1020
1005
1019
1001
1000
1005
1020
1009
1009
1004
1000
997
1001
988
1002
996
1005
1001
1003
1014
1003
975
1001
997
991
1001
1015
996
1012
999
1016
1012
1019
1003
1005
1002
998
995
1017
1000
1011
1007
1000
1007
994
1001
1005
996
1020
1002
1009
990
1018
990
1011
999
985
988
998
1001
1002
1011
1008
999
1004
990
995
1012
1014
1007
1000
1000
1005
1007
1009
998
1001
1004
1007
995
1006
1002
1011
998
1008
1015
1003
1005
1003
1014
990
1012
996
1016
996
992
1003
998
1011
1001
1011
1002
988
1010
1011
1017
1005
1016
1011
987
999
990
1004
992
1001
1004
1010
1014
998
1017
1010
1011
1005
989
1012
1001
994
992
1018
1003
1006
978
997
1003
994
998
1001
1004
1002
990
975
1011
990
1010
1001
1003
992
1011
1008
1003
1006
997
1001
991
1017
993
1007
1008
1002
995
990
1006
987
999
1003
997
1010
1004
1007
992
1000
1007
991
999
984
992
999
1004
1004
1001
1014
1002
1018
1001
998
1003
1000
1001
993
1002
1008
985
995
998
996
1001
1004
999
1012
1009
1010
997
1019
1011
986
997
996
997
1012
1007
998
997
1003
984
1020
996
1002
1008
989
993
1018
1005
1014
989
1018
1014
1001
1014
1003
993
1003
1006
1006
992
1002
987
996
1003
1008
994
994
988
989
1006
996
1003
999
1004
1007
997
1016
999
984
1015
1001
1000
1014
1002
1005
996
